12
100 100 100 100 -100 100 -100 100 100 255 0 0 
-100 -100 100 100 -100 100 -100 100 100 255 0 0 
100 100 -100 100 -100 -100 -100 100 -100 0 0 255 
-100 -100 -100 100 -100 -100 -100 100 -100 0 0 255 
100 100 100 100 -100 100 100 100 -100 0 255 0 
100 -100 -100 100 -100 100 100 100 -100 0 255 0 
-100 100 100 -100 -100 100 -100 100 -100 255 255 0 
-100 -100 -100 -100 -100 100 -100 100 -100 255 255 0 
100 100 100 -100 100 100 100 100 -100 255 0 255 
-100 100 -100 -100 100 100 100 100 -100 255 0 255 
100 -100 100 -100 -100 100 100 -100 -100 128 128 128 
-100 -100 -100 -100 -100 100 100 -100 -100 128 128 128 